{
 "cells": [
  {
   "cell_type": "code",
   "execution_count": 30,
   "metadata": {},
   "outputs": [],
   "source": [
    "import numpy as np\n",
    "import matplotlib.pyplot as plt"
   ]
  },
  {
   "cell_type": "code",
   "execution_count": 81,
   "metadata": {},
   "outputs": [
    {
     "name": "stdout",
     "output_type": "stream",
     "text": [
      "Precision for initial prior: 1\n",
      "Basis number: 3\n",
      "Varience for error(generator): 3\n",
      "3X1 W vector: 1,2,3\n"
     ]
    }
   ],
   "source": [
    "b = float(input(\"Precision for initial prior: \"))\n",
    "n = int(input(\"Basis number: \"))\n",
    "error_gen = float(input(\"Varience for error(generator): \"))\n",
    "W = np.array([float(s) for s in input(\"{}X1 W vector: \".format(n)).split(\",\")])"
   ]
  },
  {
   "cell_type": "code",
   "execution_count": 82,
   "metadata": {},
   "outputs": [
    {
     "data": {
      "text/plain": [
       "array([1., 2., 3.])"
      ]
     },
     "execution_count": 82,
     "metadata": {},
     "output_type": "execute_result"
    }
   ],
   "source": [
    "W"
   ]
  },
  {
   "cell_type": "code",
   "execution_count": 83,
   "metadata": {},
   "outputs": [],
   "source": [
    "def univariate_gaussian_data_generator():\n",
    "    temp = np.sum(np.random.uniform(0,1,12))-6\n",
    "    temp = 0 + temp*np.sqrt(error_gen)\n",
    "    return temp"
   ]
  },
  {
   "cell_type": "code",
   "execution_count": 84,
   "metadata": {},
   "outputs": [],
   "source": [
    "def polynomial_basis_linear_model_generator():\n",
    "    x = float(np.random.uniform(-1,1,1))\n",
    "    y = 0\n",
    "    for i in range(len(W)):\n",
    "        y += W[i]*(x**i)\n",
    "    return x, y + univariate_gaussian_data_generator()"
   ]
  },
  {
   "cell_type": "code",
   "execution_count": 121,
   "metadata": {},
   "outputs": [
    {
     "name": "stdout",
     "output_type": "stream",
     "text": [
      "Add data point (-0.67506, 0.45121)\n",
      "\n",
      "Posterior mean:\n",
      "    0.0004504618\n",
      "   -0.0003040895\n",
      "    0.0002052791\n",
      "\n",
      "Posterior varience:\n",
      "    0.9990016606,    0.0006739405,   -0.0004549513\n",
      "    0.0006739405,    0.9995450487,    0.0003071202\n",
      "   -0.0004549513,    0.0003071202,    0.9997926750\n",
      "\n",
      "Predictive distribution ~ N(0.00075, 1001.66062)\n",
      "--------------------------------------------------\n",
      "Add data point (0.41847, 2.62978)\n",
      "\n",
      "Posterior mean:\n",
      "    1.2835907160\n",
      "    0.5377674997\n",
      "    0.2246167339\n",
      "\n",
      "Posterior varience:\n",
      "    0.5113967832,   -0.2037981196,   -0.0857333296\n",
      "   -0.2037981196,    0.9138018059,   -0.0354534854\n",
      "   -0.0857333296,   -0.0354534854,    0.9848781363\n",
      "\n",
      "Predictive distribution ~ N(1.54796, 1.33826)\n",
      "--------------------------------------------------\n",
      "Add data point (-0.10242, -0.45320)\n",
      "\n",
      "Posterior mean:\n",
      "    0.5109951165\n",
      "    0.9707068417\n",
      "    0.3289682664\n",
      "\n",
      "Posterior varience:\n",
      "    0.2676204443,   -0.0671931897,   -0.0528073919\n",
      "   -0.0671931897,    0.8372525108,   -0.0539041908\n",
      "   -0.0528073919,   -0.0539041908,    0.9804309559\n",
      "\n",
      "Predictive distribution ~ N(0.41502, 0.88642)\n",
      "--------------------------------------------------\n",
      "Add data point (0.09094, 0.32028)\n",
      "\n",
      "Posterior mean:\n",
      "    0.4390682744\n",
      "    0.9683654067\n",
      "    0.3426336943\n",
      "\n",
      "Posterior varience:\n",
      "    0.2009636016,   -0.0693630704,   -0.0401432147\n",
      "   -0.0693630704,    0.8371818747,   -0.0534919337\n",
      "   -0.0401432147,   -0.0534919337,    0.9780248805\n",
      "\n",
      "Predictive distribution ~ N(0.52996, 0.95570)\n",
      "--------------------------------------------------\n",
      "Add data point (0.51098, 2.35245)\n",
      "\n",
      "Posterior mean:\n",
      "    0.6332831189\n",
      "    1.3998563502\n",
      "    0.5779957090\n",
      "\n",
      "Posterior varience:\n",
      "    0.1783085735,   -0.1196961924,   -0.0675980319\n",
      "   -0.1196961924,    0.7253557866,   -0.1144888417\n",
      "   -0.0675980319,   -0.1144888417,    0.9447533707\n",
      "\n",
      "Predictive distribution ~ N(1.49950, 0.92483)\n",
      "--------------------------------------------------\n",
      "Add data point (0.98015, 3.77526)\n",
      "\n",
      "Posterior mean:\n",
      "    0.6303045224\n",
      "    1.7625266152\n",
      "    1.1264440010\n",
      "\n",
      "Posterior varience:\n",
      "    0.1782988805,   -0.1185159874,   -0.0658132664\n",
      "   -0.1185159874,    0.5816554777,   -0.3317997067\n",
      "   -0.0658132664,   -0.3317997067,    0.6161249051\n",
      "\n",
      "Predictive distribution ~ N(3.44001, 0.76698)\n",
      "--------------------------------------------------\n",
      "Add data point (0.63747, 2.18823)\n",
      "\n",
      "Posterior mean:\n",
      "    0.6275466409\n",
      "    1.7582652271\n",
      "    1.1274219902\n",
      "\n",
      "Posterior varience:\n",
      "    0.1693333598,   -0.1323692164,   -0.0626339481\n",
      "   -0.1323692164,    0.5602499222,   -0.3268871282\n",
      "   -0.0626339481,   -0.3268871282,    0.6149974675\n",
      "\n",
      "Predictive distribution ~ N(2.20654, 0.61393)\n",
      "--------------------------------------------------\n",
      "Add data point (0.72151, 5.15364)\n",
      "\n",
      "Posterior mean:\n",
      "    0.8735403346\n",
      "    2.3650692426\n",
      "    1.2567023710\n",
      "\n",
      "Posterior varience:\n",
      "    0.1655362298,   -0.1417357724,   -0.0646295050\n",
      "   -0.1417357724,    0.5371450056,   -0.3318096606\n",
      "   -0.0646295050,   -0.3318096606,    0.6139487156\n",
      "\n",
      "Predictive distribution ~ N(3.23415, 0.41213)\n",
      "--------------------------------------------------\n",
      "Add data point (0.04939, 1.62223)\n",
      "\n",
      "Posterior mean:\n",
      "    1.0680691634\n",
      "    2.2225741005\n",
      "    1.1590302792\n",
      "\n",
      "Posterior varience:\n",
      "    0.1165399556,   -0.1058453026,   -0.0400286855\n",
      "   -0.1058453026,    0.5108547245,   -0.3498301118\n",
      "   -0.0400286855,   -0.3498301118,    0.6015967495\n",
      "\n",
      "Predictive distribution ~ N(1.18068, 0.46655)\n",
      "--------------------------------------------------\n",
      "Add data point (0.87276, 5.72404)\n",
      "\n",
      "Posterior mean:\n",
      "    1.0398125245\n",
      "    2.5509197621\n",
      "    1.6631157366\n",
      "\n",
      "Posterior varience:\n",
      "    0.1164424155,   -0.1047118745,   -0.0382886150\n",
      "   -0.1047118745,    0.4976841491,   -0.3700499480\n",
      "   -0.0382886150,   -0.3700499480,    0.5705546906\n",
      "\n",
      "Predictive distribution ~ N(4.53299, 0.36021)\n",
      "--------------------------------------------------\n",
      "Add data point (0.56484, 4.51677)\n",
      "\n",
      "Posterior mean:\n",
      "    1.2510480096\n",
      "    2.8242682270\n",
      "    1.3572561096\n",
      "\n",
      "Posterior varience:\n",
      "    0.1101170510,   -0.1128971880,   -0.0291297674\n",
      "   -0.1128971880,    0.4870919757,   -0.3581979765\n",
      "   -0.0291297674,   -0.3581979765,    0.5572930849\n",
      "\n",
      "Predictive distribution ~ N(3.27932, 0.31112)\n",
      "--------------------------------------------------\n",
      "Add data point (0.35924, 3.10180)\n",
      "\n",
      "Posterior mean:\n",
      "    1.3764878534\n",
      "    2.8545001052\n",
      "    1.1935224815\n",
      "\n",
      "Posterior varience:\n",
      "    0.0976300128,   -0.1159066514,   -0.0128307350\n",
      "   -0.1159066514,    0.4863666741,   -0.3542697959\n",
      "   -0.0128307350,   -0.3542697959,    0.5360183476\n",
      "\n",
      "Predictive distribution ~ N(2.55596, 0.33621)\n",
      "--------------------------------------------------\n",
      "Add data point (-0.03459, -1.08159)\n",
      "\n",
      "Posterior mean:\n",
      "    0.6803908175\n",
      "    3.7665602669\n",
      "    1.1930892171\n",
      "\n",
      "Posterior varience:\n",
      "    0.0676653934,   -0.0766455511,   -0.0128493855\n",
      "   -0.0766455511,    0.4349248726,   -0.3542453590\n",
      "   -0.0128493855,   -0.3542453590,    0.5360183360\n",
      "\n",
      "Predictive distribution ~ N(0.55155, 0.31191)\n",
      "--------------------------------------------------\n",
      "Add data point (0.64444, 3.80756)\n",
      "\n",
      "Posterior mean:\n",
      "    0.6895292865\n",
      "    3.8064893063\n",
      "    1.1799995221\n",
      "\n",
      "Posterior varience:\n",
      "    0.0670868960,   -0.0791732004,   -0.0120207616\n",
      "   -0.0791732004,    0.4238807242,   -0.3506248228\n",
      "   -0.0120207616,   -0.3506248228,    0.5348314375\n",
      "\n",
      "Predictive distribution ~ N(3.63266, 0.28323)\n",
      "--------------------------------------------------\n",
      "Add data point (0.88016, 3.67267)\n",
      "\n",
      "Posterior mean:\n",
      "    0.7345460610\n",
      "    3.7222573495\n",
      "    0.8258628432\n",
      "\n",
      "Posterior varience:\n",
      "    0.0666684329,   -0.0783902041,   -0.0087288078\n",
      "   -0.0783902041,    0.4224156412,   -0.3567844757\n",
      "   -0.0087288078,   -0.3567844757,    0.5089343895\n",
      "\n",
      "Predictive distribution ~ N(4.65052, 0.32000)\n",
      "--------------------------------------------------\n",
      "Add data point (-0.14584, 2.61670)\n",
      "\n",
      "Posterior mean:\n",
      "    1.2327303723\n",
      "    2.7786167791\n",
      "    1.1719616669\n",
      "\n",
      "Posterior varience:\n",
      "    0.0505450252,   -0.0478498974,   -0.0199300687\n",
      "   -0.0478498974,    0.3645674277,   -0.3355675004\n",
      "   -0.0199300687,   -0.3355675004,    0.5011526446\n",
      "\n",
      "Predictive distribution ~ N(0.85242, 0.34965)\n",
      "--------------------------------------------------\n",
      "Add data point (-0.37271, -0.01949)\n",
      "\n",
      "Posterior mean:\n",
      "    1.1762893086\n",
      "    2.9767673650\n",
      "    1.0216290480\n",
      "\n",
      "Posterior varience:\n",
      "    0.0407844764,   -0.0135830297,   -0.0459276096\n",
      "   -0.0135830297,    0.2442649483,   -0.2442965778\n",
      "   -0.0459276096,   -0.2442965778,    0.4319073443\n",
      "\n",
      "Predictive distribution ~ N(0.20873, 0.37101)\n",
      "--------------------------------------------------\n",
      "Add data point (0.71074, 3.70453)\n",
      "\n",
      "Posterior mean:\n",
      "    1.1736150870\n",
      "    2.9644185181\n",
      "    1.0220945866\n",
      "\n",
      "Posterior varience:\n",
      "    0.0405796563,   -0.0145288349,   -0.0458919537\n",
      "   -0.0145288349,    0.2398974708,   -0.2441319285\n",
      "   -0.0458919537,   -0.2441319285,    0.4319011372\n",
      "\n",
      "Predictive distribution ~ N(3.79686, 0.30343)\n",
      "--------------------------------------------------\n",
      "Add data point (-0.68859, 6.76996)\n",
      "\n",
      "Posterior mean:\n",
      "    1.5088326028\n",
      "   -0.4719014986\n",
      "    4.8250652286\n",
      "\n",
      "Posterior varience:\n",
      "    0.0392288416,   -0.0006816123,   -0.0612166559\n",
      "   -0.0006816123,    0.0979493755,   -0.0870381664\n",
      "   -0.0612166559,   -0.0870381664,    0.2580456865\n",
      "\n",
      "Predictive distribution ~ N(4.12161, 0.37113)\n",
      "--------------------------------------------------\n",
      "Add data point (-0.96642, 0.74939)\n",
      "\n",
      "Posterior mean:\n",
      "    1.6658729416\n",
      "    1.1326794529\n",
      "    2.4276728495\n",
      "\n",
      "Posterior varience:\n",
      "    0.0387543949,   -0.0055293361,   -0.0539737081\n",
      "   -0.0055293361,    0.0484171009,   -0.0130323660\n",
      "   -0.0539737081,   -0.0130323660,    0.1474741745\n",
      "\n",
      "Predictive distribution ~ N(2.83861, 0.37599)\n",
      "--------------------------------------------------\n",
      "Add data point (-0.39412, 0.99956)\n",
      "\n",
      "Posterior mean:\n",
      "    1.5949708345\n",
      "    1.1906989341\n",
      "    2.4841558313\n",
      "\n",
      "Posterior varience:\n",
      "    0.0348886134,   -0.0023659515,   -0.0508940978\n",
      "   -0.0023659515,    0.0458284905,   -0.0155524236\n",
      "   -0.0508940978,   -0.0155524236,    0.1450208543\n",
      "\n",
      "Predictive distribution ~ N(1.51156, 0.26852)\n",
      "--------------------------------------------------\n",
      "Add data point (-0.85842, 0.81508)\n",
      "\n",
      "Posterior mean:\n",
      "    1.5977377442\n",
      "    1.4427054383\n",
      "    2.1555791281\n",
      "\n",
      "Posterior varience:\n",
      "    0.0348875965,   -0.0024585700,   -0.0507733379\n",
      "   -0.0024585700,    0.0373929200,   -0.0045537712\n",
      "   -0.0507733379,   -0.0045537712,    0.1306803476\n",
      "\n",
      "Predictive distribution ~ N(1.94771, 0.30751)\n",
      "--------------------------------------------------\n",
      "Add data point (-0.29084, -0.84078)\n",
      "\n",
      "Posterior mean:\n",
      "    1.3294799430\n",
      "    1.5602577733\n",
      "    2.4845606205\n",
      "\n",
      "Posterior varience:\n",
      "    0.0310722629,   -0.0007866657,   -0.0460943532\n",
      "   -0.0007866657,    0.0366602805,   -0.0066041331\n",
      "   -0.0460943532,   -0.0066041331,    0.1249422130\n",
      "\n",
      "Predictive distribution ~ N(1.08586, 0.25291)\n",
      "--------------------------------------------------\n",
      "Add data point (-0.58718, 0.66449)\n",
      "\n",
      "Posterior mean:\n",
      "    1.2929659684\n",
      "    1.6176610542\n",
      "    2.4825493076\n",
      "\n",
      "Posterior varience:\n",
      "    0.0301289724,    0.0006962726,   -0.0461463128\n",
      "    0.0006962726,    0.0343289671,   -0.0065224479\n",
      "   -0.0461463128,   -0.0065224479,    0.1249393509\n",
      "\n",
      "Predictive distribution ~ N(1.19905, 0.25581)\n",
      "--------------------------------------------------\n",
      "Add data point (-0.70269, 1.32813)\n",
      "\n",
      "Posterior mean:\n",
      "    1.2916084454\n",
      "    1.6229391476\n",
      "    2.4785622077\n",
      "\n",
      "Posterior varience:\n",
      "    0.0299564896,    0.0013668911,   -0.0466529016\n",
      "    0.0013668911,    0.0317215804,   -0.0045528141\n",
      "   -0.0466529016,   -0.0045528141,    0.1234514790\n",
      "\n",
      "Predictive distribution ~ N(1.37504, 0.26770)\n",
      "--------------------------------------------------\n",
      "Add data point (0.83642, 4.25480)\n",
      "\n",
      "Posterior mean:\n",
      "    1.2923103248\n",
      "    1.6116667092\n",
      "    2.4621850324\n",
      "\n",
      "Posterior varience:\n",
      "    0.0299480705,    0.0015021056,   -0.0464564552\n",
      "    0.0015021056,    0.0295499876,   -0.0077078152\n",
      "   -0.0464564552,   -0.0077078152,    0.1188677319\n",
      "\n",
      "Predictive distribution ~ N(4.36291, 0.27431)\n",
      "--------------------------------------------------\n",
      "Add data point (-0.43000, -2.79171)\n",
      "\n",
      "Posterior mean:\n",
      "    0.9355114152\n",
      "    1.8292248281\n",
      "    2.8267582721\n",
      "\n",
      "Posterior varience:\n",
      "    0.0280266737,    0.0026736772,   -0.0444931929\n",
      "    0.0026736772,    0.0288356219,   -0.0089049143\n",
      "   -0.0444931929,   -0.0089049143,    0.1168616918\n",
      "\n",
      "Predictive distribution ~ N(0.67161, 0.22107)\n",
      "--------------------------------------------------\n",
      "Add data point (0.32311, 4.12635)\n",
      "\n",
      "Posterior mean:\n",
      "    1.1821794301\n",
      "    1.9417589035\n",
      "    2.4689465559\n",
      "\n",
      "Posterior varience:\n",
      "    0.0254316957,    0.0014898048,   -0.0407289694\n",
      "    0.0014898048,    0.0282955195,   -0.0071876126\n",
      "   -0.0407289694,   -0.0071876126,    0.1114013841\n",
      "\n",
      "Predictive distribution ~ N(2.06735, 0.22396)\n",
      "--------------------------------------------------\n",
      "Add data point (0.08989, -0.85970)\n",
      "\n",
      "Posterior mean:\n",
      "    0.9284393499\n",
      "    1.9017897511\n",
      "    2.8759008061\n",
      "\n",
      "Posterior varience:\n",
      "    0.0225683509,    0.0010387705,   -0.0361366703\n",
      "    0.0010387705,    0.0282244726,   -0.0064642333\n",
      "   -0.0361366703,   -0.0064642333,    0.1040361478\n",
      "\n",
      "Predictive distribution ~ N(1.12263, 0.21956)\n",
      "--------------------------------------------------\n",
      "Add data point (-0.04247, 0.79073)\n",
      "\n",
      "Posterior mean:\n",
      "    0.9222178097\n",
      "    1.9018372866\n",
      "    2.8857832439\n",
      "\n",
      "Posterior varience:\n",
      "    0.0203192660,    0.0010559546,   -0.0325641721\n",
      "    0.0010559546,    0.0282243413,   -0.0064915289\n",
      "   -0.0325641721,   -0.0064915289,    0.0983615093\n",
      "\n",
      "Predictive distribution ~ N(0.84665, 0.22204)\n",
      "--------------------------------------------------\n",
      "Add data point (0.26350, 1.27333)\n",
      "\n",
      "Posterior mean:\n",
      "    0.8938429369\n",
      "    1.8893920890\n",
      "    2.9282534010\n",
      "\n",
      "Posterior varience:\n",
      "    0.0188343580,    0.0004046751,   -0.0303416325\n",
      "    0.0004046751,    0.0279386906,   -0.0055167247\n",
      "   -0.0303416325,   -0.0055167247,    0.0950349180\n",
      "\n",
      "Predictive distribution ~ N(1.59502, 0.22491)\n",
      "--------------------------------------------------\n",
      "Add data point (-0.03413, 0.23195)\n",
      "\n",
      "Posterior mean:\n",
      "    0.8445955440\n",
      "    1.8908479598\n",
      "    3.0070133392\n",
      "\n",
      "Posterior varience:\n",
      "    0.0172945930,    0.0004501942,   -0.0278791307\n",
      "    0.0004501942,    0.0279373449,   -0.0055895222\n",
      "   -0.0278791307,   -0.0055895222,    0.0910967098\n",
      "\n",
      "Predictive distribution ~ N(0.78356, 0.22764)\n",
      "--------------------------------------------------\n",
      "Add data point (-0.30700, -0.20159)\n",
      "\n",
      "Posterior mean:\n",
      "    0.7965304595\n",
      "    1.9194754445\n",
      "    3.0651640407\n",
      "\n",
      "Posterior varience:\n",
      "    0.0163623740,    0.0010054223,   -0.0267513019\n",
      "    0.0010054223,    0.0276066520,   -0.0062612552\n",
      "   -0.0267513019,   -0.0062612552,    0.0897322258\n",
      "\n",
      "Predictive distribution ~ N(0.49614, 0.22537)\n",
      "--------------------------------------------------\n",
      "Add data point (0.43325, 0.96581)\n",
      "\n",
      "Posterior mean:\n",
      "    0.7333610799\n",
      "    1.8562303261\n",
      "    3.1328614445\n",
      "\n",
      "Posterior varience:\n",
      "    0.0157613133,    0.0004036409,   -0.0261071567\n",
      "    0.0004036409,    0.0270041491,   -0.0056163377\n",
      "   -0.0261071567,   -0.0056163377,    0.0890419079\n",
      "\n",
      "Predictive distribution ~ N(2.12563, 0.22983)\n",
      "--------------------------------------------------\n",
      "Add data point (0.75819, 4.43030)\n",
      "\n",
      "Posterior mean:\n",
      "    0.7355172155\n",
      "    1.8921484240\n",
      "    3.1752338108\n",
      "\n",
      "Posterior varience:\n",
      "    0.0157566381,    0.0003257585,   -0.0261990342\n",
      "    0.0003257585,    0.0257067409,   -0.0071468824\n",
      "   -0.0261990342,   -0.0071468824,    0.0872363334\n",
      "\n",
      "Predictive distribution ~ N(3.99543, 0.23719)\n",
      "--------------------------------------------------\n",
      "Add data point (0.29029, 2.67824)\n",
      "\n",
      "Posterior mean:\n",
      "    0.8014486478\n",
      "    1.9268736046\n",
      "    3.0741266382\n",
      "\n",
      "Posterior varience:\n",
      "    0.0149576841,   -0.0000950396,   -0.0249738222\n",
      "   -0.0000950396,    0.0254851123,   -0.0065015800\n",
      "   -0.0249738222,   -0.0065015800,    0.0853574463\n",
      "\n",
      "Predictive distribution ~ N(1.61984, 0.23215)\n",
      "--------------------------------------------------\n",
      "Add data point (0.24532, 0.25828)\n",
      "\n",
      "Posterior mean:\n",
      "    0.7328114157\n",
      "    1.8974090606\n",
      "    3.1836473003\n",
      "\n",
      "Posterior varience:\n",
      "    0.0141900137,   -0.0004245846,   -0.0237488927\n",
      "   -0.0004245846,    0.0253436454,   -0.0059757432\n",
      "   -0.0237488927,   -0.0059757432,    0.0834028936\n",
      "\n",
      "Predictive distribution ~ N(1.38990, 0.23422)\n",
      "--------------------------------------------------\n",
      "Add data point (-0.49895, -0.49517)\n",
      "\n",
      "Posterior mean:\n",
      "    0.6941684713\n",
      "    1.9636731145\n",
      "    3.1836644927\n",
      "\n",
      "Posterior varience:\n",
      "    0.0138845156,    0.0000992766,   -0.0237487568\n",
      "    0.0000992766,    0.0244453399,   -0.0059759762\n",
      "   -0.0237487568,   -0.0059759762,    0.0834028936\n",
      "\n",
      "Predictive distribution ~ N(0.50697, 0.23486)\n",
      "--------------------------------------------------\n",
      "Add data point (0.86191, 5.19494)\n",
      "\n",
      "Posterior mean:\n",
      "    0.6875959416\n",
      "    1.9936117849\n",
      "    3.2428274811\n",
      "\n",
      "Posterior varience:\n",
      "    0.0138300438,    0.0003474023,   -0.0232584258\n",
      "    0.0003474023,    0.0233150973,   -0.0082094933\n",
      "   -0.0232584258,   -0.0082094933,    0.0789891524\n",
      "\n",
      "Predictive distribution ~ N(4.81498, 0.24259)\n",
      "--------------------------------------------------\n",
      "Add data point (-0.15808, 0.66180)\n",
      "\n",
      "Posterior mean:\n",
      "    0.6995862486\n",
      "    1.9903915683\n",
      "    3.2246640276\n",
      "\n",
      "Posterior varience:\n",
      "    0.0130706552,    0.0005513500,   -0.0221080700\n",
      "    0.0005513500,    0.0232603234,   -0.0085184424\n",
      "   -0.0221080700,   -0.0085184424,    0.0772465418\n",
      "\n",
      "Predictive distribution ~ N(0.46552, 0.22847)\n",
      "--------------------------------------------------\n",
      "Add data point (0.40431, 1.11064)\n",
      "\n",
      "Posterior mean:\n",
      "    0.6611222774\n",
      "    1.9563635102\n",
      "    3.2760235355\n",
      "\n",
      "Posterior varience:\n",
      "    0.0126663220,    0.0001936472,   -0.0215681790\n",
      "    0.0001936472,    0.0229438731,   -0.0080408151\n",
      "   -0.0215681790,   -0.0080408151,    0.0765256454\n",
      "\n",
      "Predictive distribution ~ N(1.98763, 0.23120)\n",
      "--------------------------------------------------\n",
      "Add data point (0.85998, 5.98574)\n",
      "\n",
      "Posterior mean:\n",
      "    0.6450930197\n",
      "    2.0282206831\n",
      "    3.4205393791\n",
      "\n",
      "Posterior varience:\n",
      "    0.0126253324,    0.0003773984,   -0.0211986270\n",
      "    0.0003773984,    0.0221201392,   -0.0096974708\n",
      "   -0.0211986270,   -0.0096974708,    0.0731938556\n",
      "\n",
      "Predictive distribution ~ N(4.91901, 0.23348)\n",
      "--------------------------------------------------\n",
      "Add data point (0.16448, 0.62696)\n",
      "\n",
      "Posterior mean:\n",
      "    0.6209390667\n",
      "    2.0207367762\n",
      "    3.4620394779\n",
      "\n",
      "Posterior varience:\n",
      "    0.0119667378,    0.0001733381,   -0.0200670630\n",
      "    0.0001733381,    0.0220569128,   -0.0093468649\n",
      "   -0.0200670630,   -0.0093468649,    0.0712496597\n",
      "\n",
      "Predictive distribution ~ N(1.04698, 0.22215)\n",
      "--------------------------------------------------\n",
      "Add data point (0.99976, 6.38828)\n",
      "\n",
      "Posterior mean:\n",
      "    0.6116189127\n",
      "    2.0359015283\n",
      "    3.5112494391\n",
      "\n",
      "Posterior varience:\n",
      "    0.0117093295,    0.0005921652,   -0.0187079599\n",
      "    0.0005921652,    0.0213754425,   -0.0115582512\n",
      "   -0.0187079599,   -0.0115582512,    0.0640736612\n",
      "\n",
      "Predictive distribution ~ N(6.15663, 0.23456)\n",
      "--------------------------------------------------\n",
      "Add data point (0.78343, 6.93674)\n",
      "\n",
      "Posterior mean:\n",
      "    0.6206095557\n",
      "    2.1692100417\n",
      "    3.6617216640\n",
      "\n",
      "Posterior varience:\n",
      "    0.0117069173,    0.0005563975,   -0.0187483327\n",
      "    0.0005563975,    0.0208450981,   -0.0121568785\n",
      "   -0.0187483327,   -0.0121568785,    0.0633979596\n",
      "\n",
      "Predictive distribution ~ N(4.56749, 0.19662)\n",
      "--------------------------------------------------\n",
      "Add data point (0.45907, 0.42394)\n",
      "\n",
      "Posterior mean:\n",
      "    0.5391425213\n",
      "    2.0922931423\n",
      "    3.7732601073\n",
      "\n",
      "Posterior varience:\n",
      "    0.0113746425,    0.0002426810,   -0.0182934074\n",
      "    0.0002426810,    0.0205489035,   -0.0117273619\n",
      "   -0.0182934074,   -0.0117273619,    0.0627751107\n",
      "\n",
      "Predictive distribution ~ N(2.29485, 0.19272)\n",
      "--------------------------------------------------\n",
      "Add data point (-0.44952, 1.42104)\n",
      "\n",
      "Posterior mean:\n",
      "    0.5792065213\n",
      "    2.0321397402\n",
      "    3.7714783456\n",
      "\n",
      "Posterior varience:\n",
      "    0.0110885546,    0.0006722226,   -0.0182806843\n",
      "    0.0006722226,    0.0199039756,   -0.0117464648\n",
      "   -0.0182806843,   -0.0117464648,    0.0627745448\n",
      "\n",
      "Predictive distribution ~ N(0.42782, 0.19946)\n",
      "--------------------------------------------------\n",
      "Add data point (-0.31662, -1.30846)\n",
      "\n",
      "Posterior mean:\n",
      "    0.5034857248\n",
      "    2.0891403151\n",
      "    3.8407122726\n",
      "\n",
      "Posterior varience:\n",
      "    0.0106664773,    0.0009899511,   -0.0178947656\n",
      "    0.0009899511,    0.0196647982,   -0.0120369740\n",
      "   -0.0178947656,   -0.0120369740,    0.0624216871\n",
      "\n",
      "Predictive distribution ~ N(0.22705, 0.19319)\n",
      "--------------------------------------------------\n",
      "Add data point (0.69713, 1.29165)\n",
      "\n",
      "Posterior mean:\n",
      "    0.4693700367\n",
      "    1.9756458175\n",
      "    3.7887667825\n",
      "\n",
      "Posterior varience:\n",
      "    0.0106306768,    0.0008708516,   -0.0179492764\n",
      "    0.0008708516,    0.0192685836,   -0.0122183182\n",
      "   -0.0179492764,   -0.0122183182,    0.0623386874\n",
      "\n",
      "Predictive distribution ~ N(3.68795, 0.19704)\n",
      "--------------------------------------------------\n",
      "Add data point (-0.03534, -1.81986)\n",
      "\n",
      "Posterior mean:\n",
      "    0.3464195803\n",
      "    1.9736152986\n",
      "    3.9914816855\n",
      "\n",
      "Posterior varience:\n",
      "    0.0100459553,    0.0008611950,   -0.0169852152\n",
      "    0.0008611950,    0.0192684241,   -0.0122023968\n",
      "   -0.0169852152,   -0.0122023968,    0.0607491889\n",
      "\n",
      "Predictive distribution ~ N(0.28166, 0.19076)\n",
      "--------------------------------------------------\n",
      "Add data point (0.14158, -1.57243)\n",
      "\n",
      "Posterior mean:\n",
      "    0.2265008008\n",
      "    1.9328031680\n",
      "    4.2049653369\n",
      "\n",
      "Posterior varience:\n",
      "    0.0095286803,    0.0006851500,   -0.0160643440\n",
      "    0.0006851500,    0.0192085105,   -0.0118889953\n",
      "   -0.0160643440,   -0.0118889953,    0.0591098213\n",
      "\n",
      "Predictive distribution ~ N(0.58443, 0.18618)\n",
      "--------------------------------------------------\n",
      "Add data point (-0.48873, 0.92924)\n",
      "\n",
      "Posterior mean:\n",
      "    0.2444747397\n",
      "    1.8940731946\n",
      "    4.2179347541\n",
      "\n",
      "Posterior varience:\n",
      "    0.0093789354,    0.0010078180,   -0.0161723951\n",
      "    0.0010078180,    0.0185132304,   -0.0116561685\n",
      "   -0.0161723951,   -0.0116561685,    0.0590318551\n",
      "\n",
      "Predictive distribution ~ N(0.32628, 0.19088)\n",
      "--------------------------------------------------\n",
      "Add data point (0.70754, 4.57805)\n",
      "\n",
      "Posterior mean:\n",
      "    0.2537871604\n",
      "    1.9326650797\n",
      "    4.2418807340\n",
      "\n",
      "Posterior varience:\n",
      "    0.0093578596,    0.0009204768,   -0.0162265896\n",
      "    0.0009204768,    0.0181512771,   -0.0118807578\n",
      "   -0.0162265896,   -0.0118807578,    0.0588924991\n",
      "\n",
      "Predictive distribution ~ N(3.74475, 0.18845)\n",
      "--------------------------------------------------\n",
      "Add data point (0.14753, -0.03730)\n",
      "\n",
      "Posterior mean:\n",
      "    0.2214622420\n",
      "    1.9208544779\n",
      "    4.3009308789\n",
      "\n",
      "Posterior varience:\n",
      "    0.0089158918,    0.0007589944,   -0.0154192168\n",
      "    0.0007589944,    0.0180922761,   -0.0115857668\n",
      "   -0.0154192168,   -0.0115857668,    0.0574176158\n",
      "\n",
      "Predictive distribution ~ N(0.59844, 0.18858)\n",
      "--------------------------------------------------\n",
      "Add data point (-0.45325, 1.66476)\n",
      "\n",
      "Posterior mean:\n",
      "    0.2614579598\n",
      "    1.8481658007\n",
      "    4.3129790100\n",
      "\n",
      "Posterior varience:\n",
      "    0.0087647797,    0.0010336274,   -0.0154647372\n",
      "    0.0010336274,    0.0175931550,   -0.0115030376\n",
      "   -0.0154647372,   -0.0115030376,    0.0574039035\n",
      "\n",
      "Predictive distribution ~ N(0.30982, 0.19273)\n",
      "--------------------------------------------------\n",
      "Add data point (0.86997, 6.90170)\n",
      "\n",
      "Posterior mean:\n",
      "    0.2424945012\n",
      "    1.9191047212\n",
      "    4.4800232469\n",
      "\n",
      "Posterior varience:\n",
      "    0.0087428949,    0.0011154942,   -0.0152719602\n",
      "    0.0011154942,    0.0172869056,   -0.0122241819\n",
      "   -0.0152719602,   -0.0122241819,    0.0557057808\n",
      "\n",
      "Predictive distribution ~ N(5.30277, 0.18851)\n",
      "--------------------------------------------------\n",
      "Add data point (-0.41029, 4.72506)\n",
      "\n",
      "Posterior mean:\n",
      "    0.3858750286\n",
      "    1.7174957354\n",
      "    4.4579682688\n",
      "\n",
      "Posterior varience:\n",
      "    0.0085614596,    0.0013706125,   -0.0152440516\n",
      "    0.0013706125,    0.0169281809,   -0.0122634245\n",
      "   -0.0152440516,   -0.0122634245,    0.0557014879\n",
      "\n",
      "Predictive distribution ~ N(0.43165, 0.17954)\n",
      "--------------------------------------------------\n",
      "Add data point (-0.97460, 3.90729)\n",
      "\n",
      "Posterior mean:\n",
      "    0.3566146343\n",
      "    1.6094880980\n",
      "    4.6581062795\n",
      "\n",
      "Posterior varience:\n",
      "    0.0083405668,    0.0005552406,   -0.0137331685\n",
      "    0.0005552406,    0.0139184334,   -0.0066863664\n",
      "   -0.0137331685,   -0.0066863664,    0.0453672065\n",
      "\n",
      "Predictive distribution ~ N(3.21251, 0.21994)\n",
      "--------------------------------------------------\n",
      "Add data point (0.33753, -0.21599)\n",
      "\n",
      "Posterior mean:\n",
      "    0.2928938217\n",
      "    1.5683879543\n",
      "    4.7571314170\n",
      "\n",
      "Posterior varience:\n",
      "    0.0080710874,    0.0003814254,   -0.0133143847\n",
      "    0.0003814254,    0.0138063220,   -0.0064162494\n",
      "   -0.0133143847,   -0.0064162494,    0.0447163968\n",
      "\n",
      "Predictive distribution ~ N(1.36425, 0.17964)\n",
      "--------------------------------------------------\n",
      "Add data point (0.06745, 1.29667)\n",
      "\n",
      "Posterior mean:\n",
      "    0.3312851002\n",
      "    1.5745196741\n",
      "    4.6924293665\n",
      "\n",
      "Posterior varience:\n",
      "    0.0077190279,    0.0003251957,   -0.0127210475\n",
      "    0.0003251957,    0.0137973412,   -0.0063214837\n",
      "   -0.0127210475,   -0.0063214837,    0.0437164268\n",
      "\n",
      "Predictive distribution ~ N(0.45884, 0.18308)\n",
      "--------------------------------------------------\n",
      "Add data point (-0.33181, 0.23843)\n",
      "\n",
      "Posterior mean:\n",
      "    0.3283472280\n",
      "    1.5768606637\n",
      "    4.6951780130\n",
      "\n",
      "Posterior varience:\n",
      "    0.0075093830,    0.0004922474,   -0.0125249057\n",
      "    0.0004922474,    0.0136642291,   -0.0064777757\n",
      "   -0.0125249057,   -0.0064777757,    0.0435329182\n",
      "\n",
      "Predictive distribution ~ N(0.32205, 0.18370)\n",
      "--------------------------------------------------\n",
      "Add data point (0.22557, 2.95724)\n",
      "\n",
      "Posterior mean:\n",
      "    0.4046155445\n",
      "    1.6123003515\n",
      "    4.5666167511\n",
      "\n",
      "Posterior varience:\n",
      "    0.0072475778,    0.0003705941,   -0.0120835953\n",
      "    0.0003705941,    0.0136077003,   -0.0062727115\n",
      "   -0.0120835953,   -0.0062727115,    0.0427890259\n",
      "\n",
      "Predictive distribution ~ N(1.00065, 0.18599)\n",
      "--------------------------------------------------\n",
      "Add data point (0.73209, 2.92520)\n",
      "\n",
      "Posterior mean:\n",
      "    0.3985726968\n",
      "    1.5719021909\n",
      "    4.5303551937\n",
      "\n",
      "Posterior varience:\n",
      "    0.0072418872,    0.0003325503,   -0.0121177436\n",
      "    0.0003325503,    0.0133533670,   -0.0065010022\n",
      "   -0.0121177436,   -0.0065010022,    0.0425841113\n",
      "\n",
      "Predictive distribution ~ N(3.97738, 0.19058)\n",
      "--------------------------------------------------\n",
      "Add data point (-0.47329, -3.05957)\n",
      "\n",
      "Posterior mean:\n",
      "    0.3080727304\n",
      "    1.7260518710\n",
      "    4.5200426187\n",
      "\n",
      "Posterior varience:\n",
      "    0.0071358275,    0.0005132030,   -0.0121298292\n",
      "    0.0005132030,    0.0130456592,   -0.0064804166\n",
      "   -0.0121298292,   -0.0064804166,    0.0425827341\n",
      "\n",
      "Predictive distribution ~ N(0.50365, 0.17971)\n",
      "--------------------------------------------------\n",
      "Add data point (-0.43905, 2.85072)\n",
      "\n",
      "Posterior mean:\n",
      "    0.3692563379\n",
      "    1.6395590021\n",
      "    4.5056421862\n",
      "\n",
      "Posterior varience:\n",
      "    0.0070206645,    0.0006760044,   -0.0121027239\n",
      "    0.0006760044,    0.0128155132,   -0.0065187342\n",
      "   -0.0121027239,   -0.0065187342,    0.0425763545\n",
      "\n",
      "Predictive distribution ~ N(0.51794, 0.18125)\n",
      "--------------------------------------------------\n",
      "Add data point (0.89739, 3.62075)\n",
      "\n",
      "Posterior mean:\n",
      "    0.3895602054\n",
      "    1.5731914581\n",
      "    4.3491383037\n",
      "\n",
      "Posterior varience:\n",
      "    0.0069973849,    0.0007520988,   -0.0119232828\n",
      "    0.0007520988,    0.0125667823,   -0.0071052762\n",
      "   -0.0119232828,   -0.0071052762,    0.0411932072\n",
      "\n",
      "Predictive distribution ~ N(5.30374, 0.19137)\n",
      "--------------------------------------------------\n",
      "Add data point (-0.12145, 1.53516)\n",
      "\n",
      "Posterior mean:\n",
      "    0.4358721049\n",
      "    1.5671430973\n",
      "    4.2772106536\n",
      "\n",
      "Posterior varience:\n",
      "    0.0067524479,    0.0007840878,   -0.0115428677\n",
      "    0.0007840878,    0.0125626045,   -0.0071549586\n",
      "   -0.0115428677,   -0.0071549586,    0.0406023793\n",
      "\n",
      "Predictive distribution ~ N(0.30863, 0.18468)\n",
      "--------------------------------------------------\n",
      "Add data point (0.11684, 2.53969)\n",
      "\n",
      "Posterior mean:\n",
      "    0.5022834141\n",
      "    1.5885390898\n",
      "    4.1597670116\n",
      "\n",
      "Posterior varience:\n",
      "    0.0065140053,    0.0007072678,   -0.0111211991\n",
      "    0.0007072678,    0.0125378551,   -0.0070191080\n",
      "   -0.0111211991,   -0.0070191080,    0.0398566886\n",
      "\n",
      "Predictive distribution ~ N(0.74467, 0.18726)\n",
      "--------------------------------------------------\n",
      "Add data point (0.51052, 4.29416)\n",
      "\n",
      "Posterior mean:\n",
      "    0.5427682968\n",
      "    1.6422800920\n",
      "    4.1158179513\n",
      "\n",
      "Posterior varience:\n",
      "    0.0064291279,    0.0005945987,   -0.0110290590\n",
      "    0.0005945987,    0.0123882944,   -0.0068967981\n",
      "   -0.0110290590,   -0.0068967981,    0.0397566644\n",
      "\n",
      "Predictive distribution ~ N(2.45387, 0.18614)\n",
      "--------------------------------------------------\n",
      "Add data point (-0.06444, 0.26779)\n",
      "\n",
      "Posterior mean:\n",
      "    0.5364938872\n",
      "    1.6425098862\n",
      "    4.1261215227\n",
      "\n",
      "Posterior varience:\n",
      "    0.0062153586,    0.0006024278,   -0.0106780160\n",
      "    0.0006024278,    0.0123880076,   -0.0069096547\n",
      "   -0.0106780160,   -0.0069096547,    0.0391801963\n",
      "\n",
      "Predictive distribution ~ N(0.44778, 0.18812)\n",
      "--------------------------------------------------\n",
      "Add data point (-0.99548, 4.17629)\n",
      "\n",
      "Posterior mean:\n",
      "    0.5109464192\n",
      "    1.5469433468\n",
      "    4.3063151030\n",
      "\n",
      "Posterior varience:\n",
      "    0.0061083798,    0.0002022474,   -0.0099234637\n",
      "    0.0002022474,    0.0108910350,   -0.0040870679\n",
      "   -0.0099234637,   -0.0040870679,    0.0338581240\n",
      "\n",
      "Predictive distribution ~ N(3.23849, 0.22044)\n",
      "--------------------------------------------------\n",
      "Add data point (0.36251, 2.25744)\n",
      "\n",
      "Posterior mean:\n",
      "    0.5268494524\n",
      "    1.5587240374\n",
      "    4.2836368204\n",
      "\n",
      "Posterior varience:\n",
      "    0.0059832301,    0.0001095386,   -0.0097449959\n",
      "    0.0001095386,    0.0108223580,   -0.0039548620\n",
      "   -0.0097449959,   -0.0039548620,    0.0336036226\n",
      "\n",
      "Predictive distribution ~ N(1.65483, 0.18996)\n",
