{
 "cells": [
  {
   "cell_type": "code",
   "execution_count": 1,
   "metadata": {},
   "outputs": [],
   "source": [
    "import numpy as np\n",
    "import matplotlib.pyplot as plt"
   ]
  },
  {
   "cell_type": "code",
   "execution_count": 29,
   "metadata": {},
   "outputs": [
    {
     "name": "stdout",
     "output_type": "stream",
     "text": [
      "Precision for initial prior: 1\n",
      "Basis number: 3\n",
      "Varience for error(generator): 3\n",
      "3X1 W vector: 1,2,3\n"
     ]
    }
   ],
   "source": [
    "b = float(input(\"Precision for initial prior: \"))\n",
    "n = int(input(\"Basis number: \"))\n",
    "error_gen = float(input(\"Varience for error(generator): \"))\n",
    "W = np.array([float(s) for s in input(\"{}X1 W vector: \".format(n)).split(\",\")])"
   ]
  },
  {
   "cell_type": "code",
   "execution_count": 30,
   "metadata": {},
   "outputs": [
    {
     "data": {
      "text/plain": [
       "array([1., 2., 3.])"
      ]
     },
     "execution_count": 30,
     "metadata": {},
     "output_type": "execute_result"
    }
   ],
   "source": [
    "W"
   ]
  },
  {
   "cell_type": "code",
   "execution_count": 18,
   "metadata": {},
   "outputs": [],
   "source": [
    "def univariate_gaussian_data_generator():\n",
    "    temp = np.sum(np.random.uniform(0,1,12))-6\n",
    "    temp = 0 + temp*np.sqrt(error_gen)\n",
    "    return temp"
   ]
  },
  {
   "cell_type": "code",
   "execution_count": 19,
   "metadata": {},
   "outputs": [],
   "source": [
    "def polynomial_basis_linear_model_generator():\n",
    "    x = float(np.random.uniform(-1,1,1))\n",
    "    y = 0\n",
    "    for i in range(len(W)):\n",
    "        y += W[i]*(x**i)\n",
    "    return x, y + univariate_gaussian_data_generator()"
   ]
  },
  {
   "cell_type": "code",
   "execution_count": 35,
   "metadata": {},
   "outputs": [
    {
     "name": "stdout",
     "output_type": "stream",
     "text": [
      "Add data point (0.36810, 2.65910)\n",
      "\n",
      "Posterior mean:\n",
      "    0.0026560363\n",
      "    0.0009776751\n",
      "    0.0003598778\n",
      "\n",
      "Posterior varience:\n",
      "    0.9990011525,   -0.0003676713,   -0.0001353382\n",
      "   -0.0003676713,    0.9998646618,   -0.0000498174\n",
      "   -0.0001353382,   -0.0000498174,    0.9999816624\n",
      "\n",
      "Predictive distribution ~ N(0.00306, 1001.15252)\n",
      "--------------------------------------------------\n",
      "Add data point (0.34947, 0.01421)\n",
      "\n",
      "Posterior mean:\n",
      "    0.0065240842\n",
      "    0.0023293533\n",
      "    0.0008322164\n",
      "\n",
      "Posterior varience:\n",
      "    0.6531840373,   -0.1212124705,   -0.0423640692\n",
      "   -0.1212124705,    0.9576357933,   -0.0148065263\n",
      "   -0.0423640692,   -0.0148065263,    0.9948249896\n",
      "\n",
      "Predictive distribution ~ N(0.00744, 2.43800)\n",
      "--------------------------------------------------\n",
      "Add data point (-0.70186, 0.26208)\n",
      "\n",
      "Posterior mean:\n",
      "    0.0924956853\n",
      "   -0.0936181677\n",
      "    0.0557292031\n",
      "\n",
      "Posterior varience:\n",
      "    0.4129951339,    0.1468473253,   -0.1957361929\n",
      "    0.1468473253,    0.6584710395,    0.1563624977\n",
      "   -0.1957361929,    0.1563624977,    0.8968895396\n",
      "\n",
      "Predictive distribution ~ N(0.18566, 1.08561)\n",
      "--------------------------------------------------\n",
      "Add data point (0.53704, 3.27622)\n",
      "\n",
      "Posterior mean:\n",
      "    0.5695778760\n",
      "    0.5041740282\n",
      "    0.2167031622\n",
      "\n",
      "Posterior varience:\n",
      "    0.3484429159,    0.0659622851,   -0.2175169810\n",
      "    0.0659622851,    0.5571206921,    0.1290707954\n",
      "   -0.2175169810,    0.1290707954,    0.8895404082\n",
      "\n",
      "Predictive distribution ~ N(0.90284, 2.73452)\n",
      "--------------------------------------------------\n",
      "Add data point (-0.51704, -2.31301)\n",
      "\n",
      "Posterior mean:\n",
      "    0.3482076864\n",
      "    0.6662663364\n",
      "    0.2568401414\n",
      "\n",
      "Posterior varience:\n",
      "    0.3272802952,    0.0814580393,   -0.2136799528\n",
      "    0.0814580393,    0.5457743470,    0.1262612357\n",
      "   -0.2136799528,    0.1262612357,    0.8888447105\n",
      "\n",
      "Predictive distribution ~ N(0.07238, 3.06391)\n",
      "--------------------------------------------------\n",
      "Add data point (-0.61811, -1.43801)\n",
      "\n",
      "Posterior mean:\n",
      "    0.1314848812\n",
      "    0.8967067391\n",
      "    0.2037158493\n",
      "\n",
      "Posterior varience:\n",
      "    0.2985377287,    0.1120198835,   -0.2207254896\n",
      "    0.1120198835,    0.5132780729,    0.1337527239\n",
      "   -0.2207254896,    0.1337527239,    0.8871176696\n",
      "\n",
      "Predictive distribution ~ N(-0.34495, 1.23879)\n",
      "--------------------------------------------------\n",
      "Add data point (0.89595, 6.60462)\n",
      "\n",
      "Posterior mean:\n",
      "    0.3086789065\n",
      "    1.4395582700\n",
      "    0.6921960436\n",
      "\n",
      "Posterior varience:\n",
      "    0.2914026136,    0.0901607482,   -0.2403952409\n",
      "    0.0901607482,    0.4463104367,    0.0734924831\n",
      "   -0.2403952409,    0.0734924831,    0.8328930199\n",
      "\n",
      "Predictive distribution ~ N(2.15410, 6.63653)\n",
      "--------------------------------------------------\n",
      "Add data point (0.68774, 1.68106)\n",
      "\n",
      "Posterior mean:\n",
      "    0.3250065536\n",
      "    1.4689749499\n",
      "    0.7060979546\n",
      "\n",
      "Posterior varience:\n",
      "    0.2201729948,   -0.0381699827,   -0.3010425478\n",
      "   -0.0381699827,    0.2151035768,   -0.0357726421\n",
      "   -0.3010425478,   -0.0357726421,    0.7812558513\n",
      "\n",
      "Predictive distribution ~ N(1.66925, 0.30956)\n",
      "--------------------------------------------------\n",
      "Add data point (-0.73205, 1.26450)\n",
      "\n",
      "Posterior mean:\n",
      "    0.3510788904\n",
      "    1.4044424501\n",
      "    0.7493046040\n",
      "\n",
      "Posterior varience:\n",
      "    0.2187903044,   -0.0347476402,   -0.3033339197\n",
      "   -0.0347476402,    0.2066328241,   -0.0301011922\n",
      "   -0.3033339197,   -0.0301011922,    0.7774586275\n",
      "\n",
      "Predictive distribution ~ N(-0.27549, 5.42833)\n",
      "--------------------------------------------------\n",
      "Add data point (0.37514, 4.65388)\n",
      "\n",
      "Posterior mean:\n",
      "    0.8059473662\n",
      "    1.5119278394\n",
      "    0.1768681893\n",
      "\n",
      "Posterior varience:\n",
      "    0.1985821060,   -0.0395228361,   -0.2779025933\n",
      "   -0.0395228361,    0.2055044456,   -0.0240917715\n",
      "   -0.2779025933,   -0.0240917715,    0.7454541733\n",
      "\n",
      "Predictive distribution ~ N(1.39802, 1.29905)\n",
      "--------------------------------------------------\n",
      "Add data point (0.00286, 0.59279)\n",
      "\n",
      "Posterior mean:\n",
      "    0.7657001806\n",
      "    1.5198233789\n",
      "    0.2332370038\n",
      "\n",
      "Posterior varience:\n",
      "    0.1618554529,   -0.0323179412,   -0.2264645149\n",
      "   -0.0323179412,    0.2040910168,   -0.0341826978\n",
      "   -0.2264645149,   -0.0341826978,    0.6734117819\n",
      "\n",
      "Predictive distribution ~ N(0.77006, 1.03581)\n",
      "--------------------------------------------------\n",
      "Add data point (-0.97974, 2.03974)\n",
      "\n",
      "Posterior mean:\n",
      "    0.7308127123\n",
      "    1.1322433465\n",
      "    0.8961858555\n",
      "\n",
      "Posterior varience:\n",
      "    0.1615276089,   -0.0359601027,   -0.2202346614\n",
      "   -0.0359601027,    0.1636286631,    0.0350274489\n",
      "   -0.2202346614,    0.0350274489,    0.5550290392\n",
      "\n",
      "Predictive distribution ~ N(0.48175, 1.47736)\n",
      "--------------------------------------------------\n",
      "Add data point (0.52872, 4.14986)\n",
      "\n",
      "Posterior mean:\n",
      "    0.8768166072\n",
      "    1.2410839392\n",
      "    0.8122078235\n",
      "\n",
      "Posterior varience:\n",
      "    0.1569285830,   -0.0393885092,   -0.2175894091\n",
      "   -0.0393885092,    0.1610729108,    0.0369993882\n",
      "   -0.2175894091,    0.0369993882,    0.5535075518\n",
      "\n",
      "Predictive distribution ~ N(1.76005, 1.41784)\n",
      "--------------------------------------------------\n",
      "Add data point (-0.21565, -3.43974)\n",
      "\n",
      "Posterior mean:\n",
      "    0.6405197239\n",
      "    1.3512460742\n",
      "    1.1162485885\n",
      "\n",
      "Posterior varience:\n",
      "    0.1479487441,   -0.0352020882,   -0.2060351428\n",
      "   -0.0352020882,    0.1591211920,    0.0316127635\n",
      "   -0.2060351428,    0.0316127635,    0.5386407964\n",
      "\n",
      "Predictive distribution ~ N(0.40104, 2.67621)\n",
      "--------------------------------------------------\n",
      "Add data point (0.71317, 2.95374)\n",
      "\n",
      "Posterior mean:\n",
      "    0.6623767211\n",
      "    1.4654877010\n",
      "    1.2257813430\n",
      "\n",
      "Posterior varience:\n",
      "    0.1474440552,   -0.0378399839,   -0.2085643083\n",
      "   -0.0378399839,    0.1453335023,    0.0183933821\n",
      "   -0.2085643083,    0.0183933821,    0.5259662986\n",
      "\n",
      "Predictive distribution ~ N(2.33096, 0.61901)\n",
      "--------------------------------------------------\n",
      "Add data point (-0.31447, 0.78371)\n",
      "\n",
      "Posterior mean:\n",
      "    0.6942909418\n",
      "    1.4466857044\n",
      "    1.1884339591\n",
      "\n",
      "Posterior varience:\n",
      "    0.1378402879,   -0.0321820046,   -0.1973255698\n",
      "   -0.0321820046,    0.1420001511,    0.0117721732\n",
      "   -0.1973255698,    0.0117721732,    0.5128142468\n",
      "\n",
      "Predictive distribution ~ N(0.35687, 1.99267)\n",
      "--------------------------------------------------\n",
      "Add data point (0.28505, 1.85853)\n",
      "\n",
      "Posterior mean:\n",
      "    0.8137325315\n",
      "    1.4564960350\n",
      "    1.0269256647\n",
      "\n",
      "Posterior varience:\n",
      "    0.1173105395,   -0.0338682148,   -0.1695653511\n",
      "   -0.0338682148,    0.1418616543,    0.0140522577\n",
      "   -0.1695653511,    0.0140522577,    0.4752770239\n",
      "\n",
      "Predictive distribution ~ N(1.31234, 0.60082)\n",
      "--------------------------------------------------\n",
      "Add data point (-0.87506, 3.22726)\n",
      "\n",
      "Posterior mean:\n",
      "    0.8355564269\n",
      "    1.2686462545\n",
      "    1.2592038276\n",
      "\n",
      "Posterior varience:\n",
      "    0.1171818797,   -0.0327607727,   -0.1709347145\n",
      "   -0.0327607727,    0.1323293158,    0.0258390912\n",
      "   -0.1709347145,    0.0258390912,    0.4607024845\n",
      "\n",
      "Predictive distribution ~ N(0.68962, 2.23868)\n",
      "--------------------------------------------------\n",
      "Add data point (-0.95748, -0.29876)\n",
      "\n",
      "Posterior mean:\n",
      "    0.8444410068\n",
      "    1.4165364784\n",
      "    1.0122976334\n",
      "\n",
      "Posterior varience:\n",
      "    0.1171144039,   -0.0338839557,   -0.1690595340\n",
      "   -0.0338839557,    0.1136331254,    0.0570528192\n",
      "   -0.1690595340,    0.0570528192,    0.4085904342\n",
      "\n",
      "Predictive distribution ~ N(0.41618, 0.87580)\n",
      "--------------------------------------------------\n",
      "Add data point (0.86827, 7.26460)\n",
      "\n",
      "Posterior mean:\n",
      "    0.7897933117\n",
      "    1.5646958900\n",
      "    1.2714041651\n",
      "\n",
      "Posterior varience:\n",
      "    0.1166236272,   -0.0325533745,   -0.1667325655\n",
      "   -0.0325533745,    0.1100256881,    0.0507440025\n",
      "   -0.1667325655,    0.0507440025,    0.3975573477\n",
      "\n",
      "Predictive distribution ~ N(3.10687, 3.20894)\n",
      "--------------------------------------------------\n",
      "Add data point (0.80759, 4.42946)\n",
      "\n",
      "Posterior mean:\n",
      "    0.7528920199\n",
      "    1.7438819707\n",
      "    1.5390617988\n",
      "\n",
      "Posterior varience:\n",
      "    0.1161844178,   -0.0304206524,   -0.1635468305\n",
      "   -0.0304206524,    0.0996695703,    0.0352746427\n",
      "   -0.1635468305,    0.0352746427,    0.3744501274\n",
      "\n",
      "Predictive distribution ~ N(3.16503, 0.74600)\n",
      "--------------------------------------------------\n",
      "Add data point (-0.77916, -1.79093)\n",
      "\n",
      "Posterior mean:\n",
      "    0.7144675597\n",
      "    1.8259048303\n",
      "    1.5047109458\n",
      "\n",
      "Posterior varience:\n",
      "    0.1154483710,   -0.0288494483,   -0.1642048446\n",
      "   -0.0288494483,    0.0963155961,    0.0366792739\n",
      "   -0.1642048446,    0.0366792739,    0.3738618733\n",
      "\n",
      "Predictive distribution ~ N(0.20529, 2.23178)\n",
      "--------------------------------------------------\n",
      "Add data point (0.56481, -0.52576)\n",
      "\n",
      "Posterior mean:\n",
      "    0.5377922656\n",
      "    1.6851905033\n",
      "    1.5962122051\n",
      "\n",
      "Posterior varience:\n",
      "    0.1124451955,   -0.0312413493,   -0.1626494810\n",
      "   -0.0312413493,    0.0944105491,    0.0379180547\n",
      "   -0.1626494810,    0.0379180547,    0.3730563405\n",
      "\n",
      "Predictive distribution ~ N(1.99881, 0.72346)\n",
      "--------------------------------------------------\n",
      "Add data point (0.89024, 4.79108)\n",
      "\n",
      "Posterior mean:\n",
      "    0.5046884945\n",
      "    1.7471475862\n",
      "    1.7209100974\n",
      "\n",
      "Posterior varience:\n",
      "    0.1114603082,   -0.0293980322,   -0.1589395298\n",
      "   -0.0293980322,    0.0909605933,    0.0309745028\n",
      "   -0.1589395298,    0.0309745028,    0.3590814042\n",
      "\n",
      "Predictive distribution ~ N(3.42393, 1.97686)\n",
      "--------------------------------------------------\n",
      "Add data point (0.76681, 2.43126)\n",
      "\n",
      "Posterior mean:\n",
      "    0.5077672854\n",
      "    1.7074113426\n",
      "    1.6693778147\n",
      "\n",
      "Posterior varience:\n",
      "    0.1114274397,   -0.0289738167,   -0.1583893823\n",
      "   -0.0289738167,    0.0854854791,    0.0238740548\n",
      "   -0.1583893823,    0.0238740548,    0.3498731283\n",
      "\n",
      "Predictive distribution ~ N(2.79860, 0.61488)\n",
      "--------------------------------------------------\n",
      "Add data point (-0.16638, -0.63028)\n",
      "\n",
      "Posterior mean:\n",
      "    0.4600465407\n",
      "    1.7255571565\n",
      "    1.7345091556\n",
      "\n",
      "Posterior varience:\n",
      "    0.1054972464,   -0.0267188606,   -0.1502955974\n",
      "   -0.0267188606,    0.0846280320,    0.0207963929\n",
      "   -0.1502955974,    0.0207963929,    0.3388263798\n",
      "\n",
      "Predictive distribution ~ N(0.22096, 2.10389)\n",
      "--------------------------------------------------\n",
      "Add data point (0.64621, 4.48104)\n",
      "\n",
      "Posterior mean:\n",
      "    0.5288819114\n",
      "    1.8246151639\n",
      "    1.7470282792\n",
      "\n",
      "Posterior varience:\n",
      "    0.1046936055,   -0.0278753455,   -0.1504417560\n",
      "   -0.0278753455,    0.0829637846,    0.0205860624\n",
      "   -0.1504417560,    0.0205860624,    0.3387997979\n",
      "\n",
      "Predictive distribution ~ N(2.43750, 0.80399)\n",
      "--------------------------------------------------\n",
      "Add data point (0.67922, 6.74290)\n",
      "\n",
      "Posterior mean:\n",
      "    0.5604002305\n",
      "    1.8977931358\n",
      "    1.7852683366\n",
      "\n",
      "Posterior varience:\n",
      "    0.1045699502,   -0.0281624434,   -0.1505917826\n",
      "   -0.0281624434,    0.0822972121,    0.0202377367\n",
      "   -0.1505917826,    0.0202377367,    0.3386177759\n",
      "\n",
      "Predictive distribution ~ N(2.67304, 2.16197)\n",
      "--------------------------------------------------\n",
      "Add data point (0.75589, 3.12088)\n",
      "\n",
      "Posterior mean:\n",
      "    0.5598822740\n",
      "    1.9063457390\n",
      "    1.7961789259\n",
      "\n",
      "Posterior varience:\n",
      "    0.1045564399,   -0.0279393590,   -0.1503071929\n",
      "   -0.0279393590,    0.0786135965,    0.0155385339\n",
      "   -0.1503071929,    0.0155385339,    0.3326229846\n",
      "\n",
      "Predictive distribution ~ N(3.02717, 0.55723)\n",
      "--------------------------------------------------\n",
      "Add data point (-0.78774, 0.66042)\n",
      "\n",
      "Posterior mean:\n",
      "    0.5675465493\n",
      "    1.8878780744\n",
      "    1.8062750478\n",
      "\n",
      "Posterior varience:\n",
      "    0.1040331680,   -0.0266784949,   -0.1509964970\n",
      "   -0.0266784949,    0.0755754469,    0.0171994655\n",
      "   -0.1509964970,    0.0171994655,    0.3317149668\n",
      "\n",
      "Predictive distribution ~ N(0.20125, 2.11116)\n",
      "--------------------------------------------------\n",
      "Add data point (0.86084, 3.94474)\n",
      "\n",
      "Posterior mean:\n",
      "    0.5493268400\n",
      "    1.9180947588\n",
      "    1.8710660008\n",
      "\n",
      "Posterior varience:\n",
      "    0.1026749357,   -0.0244259190,   -0.1461664985\n",
      "   -0.0244259190,    0.0718396367,    0.0091890995\n",
      "   -0.1461664985,    0.0091890995,    0.3145390502\n",
      "\n",
      "Predictive distribution ~ N(3.58702, 0.68691)\n",
      "--------------------------------------------------\n",
      "Add data point (0.93495, 3.92536)\n",
      "\n",
      "Posterior mean:\n",
      "    0.5507134484\n",
      "    1.9166259373\n",
      "    1.8670918883\n",
      "\n",
      "Posterior varience:\n",
      "    0.1014175139,   -0.0230939435,   -0.1425626430\n",
      "   -0.0230939435,    0.0704286873,    0.0053715683\n",
      "   -0.1425626430,    0.0053715683,    0.3042101585\n",
      "\n",
      "Predictive distribution ~ N(3.97476, 1.81925)\n",
      "--------------------------------------------------\n",
      "Add data point (-0.81228, 2.58767)\n",
      "\n",
      "Posterior mean:\n",
      "    0.6389848980\n",
      "    1.6571556471\n",
      "    2.0489333885\n",
      "\n",
      "Posterior varience:\n",
      "    0.1004415895,   -0.0202252542,   -0.1445730727\n",
      "   -0.0202252542,    0.0619962931,    0.0112811436\n",
      "   -0.1445730727,    0.0112811436,    0.3000686207\n",
      "\n",
      "Predictive distribution ~ N(0.64480, 0.67672)\n",
      "--------------------------------------------------\n",
      "Add data point (-0.48000, 2.18202)\n",
      "\n",
      "Posterior mean:\n",
      "    0.7200195358\n",
      "    1.6071845076\n",
      "    1.9636678637\n",
      "\n",
      "Posterior varience:\n",
      "    0.0971053693,   -0.0181679274,   -0.1410626656\n",
      "   -0.0181679274,    0.0607276138,    0.0091164021\n",
      "   -0.1410626656,    0.0091164021,    0.2963749322\n",
      "\n",
      "Predictive distribution ~ N(0.40100, 1.76607)\n",
      "--------------------------------------------------\n",
      "Add data point (-0.74118, -0.11841)\n",
      "\n",
      "Posterior mean:\n",
      "    0.6899631868\n",
      "    1.6600399901\n",
      "    1.9500439962\n",
      "\n",
      "Posterior varience:\n",
      "    0.0957358411,   -0.0157595487,   -0.1416834420\n",
      "   -0.0157595487,    0.0564923682,    0.0102080661\n",
      "   -0.1416834420,    0.0102080661,    0.2960935483\n",
      "\n",
      "Predictive distribution ~ N(0.53083, 0.79003)\n",
      "--------------------------------------------------\n",
      "Add data point (-0.88247, 0.95968)\n",
      "\n",
      "Posterior mean:\n",
      "    0.6898637444\n",
      "    1.6517656008\n",
      "    1.9615081206\n",
      "\n",
      "Posterior varience:\n",
      "    0.0957355222,   -0.0157860888,   -0.1416466708\n",
      "   -0.0157860888,    0.0542840200,    0.0132677214\n",
      "   -0.1416466708,    0.0132677214,    0.2918544115\n",
      "\n",
      "Predictive distribution ~ N(0.75976, 1.49726)\n",
      "--------------------------------------------------\n",
      "Add data point (-0.36974, -0.46298)\n",
      "\n",
      "Posterior mean:\n",
      "    0.6191257056\n",
      "    1.6810589176\n",
      "    2.0532809565\n",
      "\n",
      "Posterior varience:\n",
      "    0.0885586669,   -0.0128140825,   -0.1323356922\n",
      "   -0.0128140825,    0.0530532830,    0.0094119537\n",
      "   -0.1323356922,    0.0094119537,    0.2797747027\n",
      "\n",
      "Predictive distribution ~ N(0.27827, 0.93483)\n",
      "--------------------------------------------------\n",
      "Add data point (-0.31778, -0.26233)\n",
      "\n",
      "Posterior mean:\n",
      "    0.5861818805\n",
      "    1.6929962063\n",
      "    2.0977816249\n",
      "\n",
      "Posterior varience:\n",
      "    0.0838500680,   -0.0111079083,   -0.1259752954\n",
      "   -0.0111079083,    0.0524350459,    0.0071072458\n",
      "   -0.1259752954,    0.0071072458,    0.2711830499\n",
      "\n",
      "Predictive distribution ~ N(0.26003, 1.32992)\n",
      "--------------------------------------------------\n",
      "Add data point (0.75849, 4.38311)\n",
      "\n",
      "Posterior mean:\n",
      "    0.5901244635\n",
      "    1.7367641135\n",
      "    2.1451264419\n",
      "\n",
      "Posterior varience:\n",
      "    0.0838411610,   -0.0112067870,   -0.1260822550\n",
      "   -0.0112067870,    0.0513373609,    0.0059198531\n",
      "   -0.1260822550,    0.0059198531,    0.2698986182\n",
      "\n",
      "Predictive distribution ~ N(3.14155, 0.97488)\n",
      "--------------------------------------------------\n",
      "Add data point (-0.64594, 1.91577)\n",
      "\n",
      "Posterior mean:\n",
      "    0.6440402386\n",
      "    1.6780491273\n",
      "    2.1208924754\n",
      "\n",
      "Posterior varience:\n",
      "    0.0825050174,   -0.0097517091,   -0.1254816875\n",
      "   -0.0097517091,    0.0497527620,    0.0052658273\n",
      "   -0.1254816875,    0.0052658273,    0.2696286762\n",
      "\n",
      "Predictive distribution ~ N(0.44504, 1.10473)\n",
      "--------------------------------------------------\n",
      "Add data point (0.87467, 8.19918)\n",
      "\n",
      "Posterior mean:\n",
      "    0.5931177585\n",
      "    1.7654325613\n",
      "    2.3183536138\n",
      "\n",
      "Posterior varience:\n",
      "    0.0822538210,   -0.0093206538,   -0.1245076280\n",
      "   -0.0093206538,    0.0490130673,    0.0035943325\n",
      "   -0.1245076280,    0.0035943325,    0.2658515841\n",
      "\n",
      "Predictive distribution ~ N(3.91095, 1.92806)\n",
      "--------------------------------------------------\n",
      "Add data point (-0.42505, -0.25443)\n",
      "\n",
      "Posterior mean:\n",
      "    0.5473947450\n",
      "    1.7866033219\n",
      "    2.3743258088\n",
      "\n",
      "Posterior varience:\n",
      "    0.0766074287,   -0.0067062500,   -0.1175955514\n",
      "   -0.0067062500,    0.0478025408,    0.0003938890\n",
      "   -0.1175955514,    0.0003938890,    0.2573901099\n",
      "\n",
      "Predictive distribution ~ N(0.21696, 0.71374)\n",
      "--------------------------------------------------\n",
      "Add data point (0.25569, 0.14319)\n",
      "\n",
      "Posterior mean:\n",
      "    0.5055535180\n",
      "    1.7831528340\n",
      "    2.4370007554\n",
      "\n",
      "Posterior varience:\n",
      "    0.0738404538,   -0.0069344320,   -0.1134508354\n",
      "   -0.0069344320,    0.0477837235,    0.0007356881\n",
      "   -0.1134508354,    0.0007356881,    0.2511816434\n",
      "\n",
      "Predictive distribution ~ N(1.12081, 1.62992)\n",
      "--------------------------------------------------\n",
      "Add data point (-0.73375, 0.57406)\n",
      "\n",
      "Posterior mean:\n",
      "    0.5071424716\n",
      "    1.7794493301\n",
      "    2.4388919381\n",
      "\n",
      "Posterior varience:\n",
      "    0.0734030697,   -0.0059149851,   -0.1139714128\n",
      "   -0.0059149851,    0.0454076155,    0.0019490402\n",
      "   -0.1139714128,    0.0019490402,    0.2505620489\n",
      "\n",
      "Predictive distribution ~ N(0.51454, 0.72339)\n",
      "--------------------------------------------------\n",
      "Add data point (-0.35115, 1.85386)\n",
      "\n",
      "Posterior mean:\n",
      "    0.5745892624\n",
      "    1.7557108719\n",
      "    2.3469233079\n",
      "\n",
      "Posterior varience:\n",
      "    0.0709234589,   -0.0050422655,   -0.1105902822\n",
      "   -0.0050422655,    0.0451004545,    0.0007590232\n",
      "   -0.1105902822,    0.0007590232,    0.2459516303\n",
      "\n",
      "Predictive distribution ~ N(0.24746, 1.51944)\n",
      "--------------------------------------------------\n",
      "Add data point (0.88151, 6.17085)\n",
      "\n",
      "Posterior mean:\n",
      "    0.5358343978\n",
      "    1.8260289437\n",
      "    2.5086549191\n",
      "\n",
      "Posterior varience:\n",
      "    0.0705845292,   -0.0044273006,   -0.1091758626\n",
      "   -0.0044273006,    0.0439846425,   -0.0018073453\n",
      "   -0.1091758626,   -0.0018073453,    0.2400489810\n",
      "\n",
      "Predictive distribution ~ N(4.09490, 1.11202)\n",
      "--------------------------------------------------\n",
      "Add data point (-0.15247, -0.27508)\n",
      "\n",
      "Posterior mean:\n",
      "    0.4996354407\n",
      "    1.8319157108\n",
      "    2.5630784764\n",
      "\n",
      "Posterior varience:\n",
      "    0.0663740402,   -0.0037425801,   -0.1028455754\n",
      "   -0.0037425801,    0.0438732915,   -0.0028367928\n",
      "   -0.1028455754,   -0.0028367928,    0.2305316697\n",
      "\n",
      "Predictive distribution ~ N(0.27991, 1.11751)\n",
      "--------------------------------------------------\n",
      "Add data point (-0.13582, 0.43499)\n",
      "\n",
      "Posterior mean:\n",
      "    0.5081470807\n",
      "    1.8306381729\n",
      "    2.5502154170\n",
      "\n",
      "Posterior varience:\n",
      "    0.0623333335,   -0.0031360981,   -0.0967391317\n",
      "   -0.0031360981,    0.0437822627,   -0.0037533275\n",
      "   -0.0967391317,   -0.0037533275,    0.2213034189\n",
      "\n",
      "Predictive distribution ~ N(0.30655, 1.04115)\n",
      "--------------------------------------------------\n",
      "Add data point (0.75932, 5.22959)\n",
      "\n",
      "Posterior mean:\n",
      "    0.5143616887\n",
      "    1.8722233808\n",
      "    2.5918917702\n",
      "\n",
      "Posterior varience:\n",
      "    0.0623193883,   -0.0032294126,   -0.0968326507\n",
      "   -0.0032294126,    0.0431578464,   -0.0043791124\n",
      "   -0.0968326507,   -0.0043791124,    0.2206762625\n",
      "\n",
      "Predictive distribution ~ N(3.43035, 1.24922)\n",
      "--------------------------------------------------\n",
      "Add data point (0.00238, 1.13452)\n",
      "\n",
      "Posterior mean:\n",
      "    0.5574958675\n",
      "    1.8700588589\n",
      "    2.5248541511\n",
      "\n",
      "Posterior varience:\n",
      "    0.0579539762,   -0.0030103513,   -0.0900480812\n",
      "   -0.0030103513,    0.0431468537,   -0.0047195698\n",
      "   -0.0900480812,   -0.0047195698,    0.2101319238\n",
      "\n",
      "Predictive distribution ~ N(0.56196, 0.88505)\n",
      "--------------------------------------------------\n",
      "Add data point (0.56007, 2.67228)\n",
      "\n",
      "Posterior mean:\n",
      "    0.5638028618\n",
      "    1.8744870375\n",
      "    2.5188271689\n",
      "\n",
      "Posterior varience:\n",
      "    0.0573123161,   -0.0034608647,   -0.0894349089\n",
      "   -0.0034608647,    0.0428305455,   -0.0042890578\n",
      "   -0.0894349089,   -0.0042890578,    0.2095459746\n",
      "\n",
      "Predictive distribution ~ N(2.40374, 1.22298)\n",
      "--------------------------------------------------\n",
      "Add data point (0.96806, 4.30146)\n",
      "\n",
      "Posterior mean:\n",
      "    0.5766400036\n",
      "    1.8598731488\n",
      "    2.4746244549\n",
      "\n",
      "Posterior varience:\n",
      "    0.0564363083,   -0.0024636115,   -0.0864185115\n",
      "   -0.0024636115,    0.0416952658,   -0.0077229450\n",
      "   -0.0864185115,   -0.0077229450,    0.1991594761\n",
      "\n",
      "Predictive distribution ~ N(4.69616, 1.00747)\n",
      "--------------------------------------------------\n",
      "Add data point (-0.31903, 1.88051)\n",
      "\n",
      "Posterior mean:\n",
      "    0.6479704808\n",
      "    1.8354929776\n",
      "    2.3808203054\n",
      "\n",
      "Posterior varience:\n",
      "    0.0543368953,   -0.0017460494,   -0.0836576488\n",
      "   -0.0017460494,    0.0414500090,   -0.0086665852\n",
      "   -0.0836576488,   -0.0086665852,    0.1955287648\n",
      "\n",
      "Predictive distribution ~ N(0.30471, 1.11504)\n",
      "--------------------------------------------------\n",
      "Add data point (-0.67842, 0.44087)\n",
      "\n",
      "Posterior mean:\n",
      "    0.6470013886\n",
      "    1.8374209578\n",
      "    2.3801246607\n",
      "\n",
      "Posterior varience:\n",
      "    0.0540508255,   -0.0011769220,   -0.0838629987\n",
      "   -0.0011769220,    0.0403177470,   -0.0082580478\n",
      "   -0.0838629987,   -0.0082580478,    0.1953813582\n",
      "\n",
      "Predictive distribution ~ N(0.49592, 1.01025)\n",
      "--------------------------------------------------\n",
      "Add data point (-0.19440, 2.10785)\n",
      "\n",
      "Posterior mean:\n",
      "    0.7298734339\n",
      "    1.8222985022\n",
      "    2.2587212846\n",
      "\n",
      "Posterior varience:\n",
      "    0.0515997759,   -0.0007296556,   -0.0802723344\n",
      "   -0.0007296556,    0.0402361300,   -0.0089132707\n",
      "   -0.0802723344,   -0.0089132707,    0.1901212157\n",
      "\n",
      "Predictive distribution ~ N(0.46098, 1.06342)\n",
      "--------------------------------------------------\n",
      "Add data point (0.25965, 1.49519)\n",
      "\n",
      "Posterior mean:\n",
      "    0.7362045163\n",
      "    1.8235533217\n",
      "    2.2491185166\n",
      "\n",
      "Posterior varience:\n",
      "    0.0495176318,   -0.0011423362,   -0.0771142097\n",
      "   -0.0011423362,    0.0401543368,   -0.0082873309\n",
      "   -0.0771142097,   -0.0082873309,    0.1853310809\n",
      "\n",
      "Predictive distribution ~ N(1.36133, 1.01431)\n",
      "--------------------------------------------------\n",
      "Add data point (-0.28158, 3.46884)\n",
      "\n",
      "Posterior mean:\n",
      "    0.8595307951\n",
      "    1.7865870079\n",
      "    2.0796464814\n",
      "\n",
      "Posterior varience:\n",
      "    0.0477598729,   -0.0006154585,   -0.0746987393\n",
      "   -0.0006154585,    0.0399964084,   -0.0090113537\n",
      "   -0.0746987393,   -0.0090113537,    0.1820117990\n",
      "\n",
      "Predictive distribution ~ N(0.52135, 1.08600)\n",
      "--------------------------------------------------\n",
      "Add data point (-0.72073, 1.24070)\n",
      "\n",
      "Posterior mean:\n",
      "    0.8650647421\n",
      "    1.7665006099\n",
      "    2.0951527265\n",
      "\n",
      "Posterior varience:\n",
      "    0.0476714760,   -0.0002946069,   -0.0749464295\n",
      "   -0.0002946069,    0.0388318233,   -0.0081123203\n",
      "   -0.0749464295,   -0.0081123203,    0.1813177656\n",
      "\n",
      "Predictive distribution ~ N(0.68022, 0.99755)\n",
      "--------------------------------------------------\n",
      "Add data point (0.80285, 5.40684)\n",
      "\n",
      "Posterior mean:\n",
      "    0.8638386413\n",
      "    1.8025468005\n",
      "    2.1449112554\n",
      "\n",
      "Posterior varience:\n",
      "    0.0476708726,   -0.0002768682,   -0.0749219428\n",
      "   -0.0002768682,    0.0383103220,   -0.0088322060\n",
      "   -0.0749219428,   -0.0088322060,    0.1803240280\n",
      "\n",
      "Predictive distribution ~ N(3.69353, 1.26040)\n",
      "--------------------------------------------------\n",
      "Add data point (0.22707, 0.24217)\n",
      "\n",
      "Posterior mean:\n",
      "    0.8087217662\n",
      "    1.7925088548\n",
      "    2.2301220572\n",
      "\n",
      "Posterior varience:\n",
      "    0.0455587867,   -0.0006615236,   -0.0716566537\n",
      "   -0.0006615236,    0.0382402681,   -0.0082375280\n",
      "   -0.0716566537,   -0.0082375280,    0.1752758844\n",
      "\n",
      "Predictive distribution ~ N(1.33074, 0.90408)\n",
      "--------------------------------------------------\n",
      "Add data point (-0.49949, 3.10102)\n",
      "\n",
      "Posterior mean:\n",
      "    0.8707557723\n",
      "    1.7441916680\n",
      "    2.1773883521\n",
      "\n",
      "Posterior varience:\n",
      "    0.0448983931,   -0.0001471547,   -0.0710952680\n",
      "   -0.0001471547,    0.0378396353,   -0.0086747814\n",
      "   -0.0710952680,   -0.0086747814,    0.1747986631\n",
      "\n",
      "Predictive distribution ~ N(0.54279, 1.18722)\n",
      "--------------------------------------------------\n",
      "Add data point (0.56799, 2.67483)\n",
      "\n",
      "Posterior mean:\n",
      "    0.8735043199\n",
      "    1.7465216645\n",
      "    2.1749222784\n",
      "\n",
      "Posterior varience:\n",
      "    0.0443563193,   -0.0006066810,   -0.0706089043\n",
      "   -0.0006066810,    0.0374500860,   -0.0082624815\n",
      "   -0.0706089043,   -0.0082624815,    0.1743622840\n",
      "\n",
      "Predictive distribution ~ N(2.56717, 0.88226)\n",
      "--------------------------------------------------\n",
      "Add data point (-0.70961, 0.32937)\n",
      "\n",
      "Posterior mean:\n",
      "    0.8705290470\n",
      "    1.7566229542\n",
      "    2.1674920781\n",
      "\n",
      "Posterior varience:\n",
      "    0.0442876456,   -0.0003735285,   -0.0707804042\n",
      "   -0.0003735285,    0.0366585143,   -0.0076802255\n",
      "   -0.0707804042,   -0.0076802255,    0.1739339943\n",
      "\n",
      "Predictive distribution ~ N(0.71545, 1.23950)\n",
      "--------------------------------------------------\n",
      "Add data point (0.03011, -0.95183)\n",
      "\n",
      "Posterior mean:\n",
      "    0.7881449476\n",
      "    1.7552752362\n",
      "    2.2995198000\n",
      "\n",
      "Posterior varience:\n",
      "    0.0423473354,   -0.0004052699,   -0.0676708873\n",
      "   -0.0004052699,    0.0366579951,   -0.0076293571\n",
      "   -0.0676708873,   -0.0076293571,    0.1689507216\n",
      "\n",
      "Predictive distribution ~ N(0.84308, 1.00549)\n",
      "--------------------------------------------------\n",
      "Add data point (-0.74362, 1.86496)\n",
      "\n",
      "Posterior mean:\n",
      "    0.7935774040\n",
      "    1.7221511914\n",
      "    2.3321689290\n",
      "\n",
      "Posterior varience:\n",
      "    0.0423217558,   -0.0002493003,   -0.0678246208\n",
      "   -0.0002493003,    0.0357069804,   -0.0066919776\n",
      "   -0.0678246208,   -0.0066919776,    0.1680267818\n",
      "\n",
      "Predictive distribution ~ N(0.80257, 1.06691)\n",
      "--------------------------------------------------\n",
      "Add data point (0.81932, 1.74858)\n",
      "\n",
      "Posterior mean:\n",
      "    0.8004246950\n",
      "    1.6729613890\n",
      "    2.2529343492\n",
      "\n",
      "Posterior varience:\n",
      "    0.0423101976,   -0.0001662680,   -0.0676908730\n",
      "   -0.0001662680,    0.0351104905,   -0.0076527991\n",
      "   -0.0676908730,   -0.0076527991,    0.1664790973\n",
      "\n",
      "Predictive distribution ~ N(3.68349, 1.00560)\n",
      "--------------------------------------------------\n",
      "Add data point (0.38122, 1.08728)\n",
      "\n",
      "Posterior mean:\n",
      "    0.7797796125\n",
      "    1.6652496248\n",
      "    2.2825006607\n",
      "\n",
      "Posterior varience:\n",
      "    0.0413237785,   -0.0005347350,   -0.0662781989\n",
      "   -0.0005347350,    0.0349728533,   -0.0071251088\n",
      "   -0.0662781989,   -0.0071251088,    0.1644559732\n",
      "\n",
      "Predictive distribution ~ N(1.74631, 1.06398)\n",
      "--------------------------------------------------\n",
      "Add data point (0.72282, 3.11552)\n",
      "\n",
      "Posterior mean:\n",
      "    0.7793977894\n",
      "    1.6639774061\n",
      "    2.2816234661\n",
      "\n",
      "Posterior varience:\n",
      "    0.0412839363,   -0.0006674874,   -0.0663697316\n",
      "   -0.0006674874,    0.0345305278,   -0.0074300922\n",
      "   -0.0663697316,   -0.0074300922,    0.1642456872\n",
      "\n",
      "Predictive distribution ~ N(3.17422, 0.99822)\n",
      "--------------------------------------------------\n",
      "Add data point (0.65104, 3.64133)\n",
      "\n",
      "Posterior mean:\n",
      "    0.7889786881\n",
      "    1.6780371106\n",
      "    2.2804248107\n",
      "\n",
      "Posterior varience:\n",
      "    0.0411337855,   -0.0008878297,   -0.0663509464\n",
      "   -0.0008878297,    0.0342071816,   -0.0074025254\n",
      "   -0.0663509464,   -0.0074025254,    0.1642433370\n",
      "\n",
      "Predictive distribution ~ N(2.84801, 1.07677)\n",
      "--------------------------------------------------\n",
      "Add data point (-0.41644, -1.79061)\n",
      "\n",
      "Posterior mean:\n",
      "    0.7308579160\n",
      "    1.7098458919\n",
      "    2.3478225791\n",
      "\n",
      "Posterior varience:\n",
      "    0.0403678673,   -0.0004686521,   -0.0654627755\n",
      "   -0.0004686521,    0.0339777709,   -0.0078886104\n",
      "   -0.0654627755,   -0.0078886104,    0.1632134000\n",
      "\n",
      "Predictive distribution ~ N(0.42597, 1.17400)\n",
      "--------------------------------------------------\n",
      "Add data point (-0.24663, 1.57563)\n",
      "\n",
      "Posterior mean:\n",
      "    0.7764394399\n",
      "    1.6981967751\n",
      "    2.2809025948\n",
      "\n",
      "Posterior varience:\n",
      "    0.0388871874,   -0.0000902397,   -0.0632889326\n",
      "   -0.0000902397,    0.0338810613,   -0.0084441721\n",
      "   -0.0632889326,   -0.0084441721,    0.1600218978\n",
      "\n",
      "Predictive distribution ~ N(0.49635, 0.89842)\n",
      "--------------------------------------------------\n",
      "Add data point (0.08910, 0.54865)\n",
      "\n",
      "Posterior mean:\n",
      "    0.7638166288\n",
      "    1.6972555734\n",
      "    2.3015491164\n",
      "\n",
      "Posterior varience:\n",
      "    0.0376676177,   -0.0001811752,   -0.0612941415\n",
      "   -0.0001811752,    0.0338742809,   -0.0082954334\n",
      "   -0.0612941415,   -0.0082954334,    0.1567591144\n",
      "\n",
      "Predictive distribution ~ N(0.93331, 1.20641)\n",
